rank-1: 59.80%
rank-5: 86.52%

             precision    recall  f1-score   support

          0       0.45      0.57      0.50        23
          1       0.61      0.81      0.70        27
          2       0.57      0.38      0.46        21
          3       0.27      0.27      0.27        22
          4       0.50      0.41      0.45        22
          5       0.36      0.57      0.44        21
          6       0.91      0.83      0.87        24
          7       0.69      0.87      0.77        23
          8       0.68      0.65      0.67        23
          9       0.79      0.79      0.79        29
         10       0.75      0.70      0.72        30
         11       0.68      0.83      0.75        18
         12       0.68      0.58      0.62        26
         13       0.74      0.68      0.71        25
         14       0.48      0.43      0.45        23
         15       0.29      0.16      0.21        31
         16       0.62      0.65      0.63        20

avg / total       0.60      0.60      0.59       408

