rank-1: 96.81%
rank-5: 99.51%

             precision    recall  f1-score   support

          0       0.92      0.96      0.94        23
          1       1.00      1.00      1.00        27
          2       1.00      0.95      0.98        21
          3       0.85      1.00      0.92        22
          4       0.92      1.00      0.96        22
          5       1.00      0.95      0.98        21
          6       1.00      1.00      1.00        24
          7       1.00      1.00      1.00        23
          8       1.00      1.00      1.00        23
          9       1.00      0.97      0.98        29
         10       0.94      1.00      0.97        30
         11       1.00      1.00      1.00        18
         12       1.00      0.92      0.96        26
         13       1.00      1.00      1.00        25
         14       0.95      0.91      0.93        23
         15       0.93      0.87      0.90        31
         16       1.00      0.95      0.97        20

avg / total       0.97      0.97      0.97       408

