rank-1: 88.24%
rank-5: 99.02%

             precision    recall  f1-score   support

          0       0.85      0.96      0.90        23
          1       0.87      0.96      0.91        27
          2       1.00      0.86      0.92        21
          3       0.67      0.82      0.73        22
          4       0.94      0.77      0.85        22
          5       0.74      0.81      0.77        21
          6       0.96      0.92      0.94        24
          7       0.92      1.00      0.96        23
          8       0.96      1.00      0.98        23
          9       1.00      0.97      0.98        29
         10       0.87      0.90      0.89        30
         11       0.90      1.00      0.95        18
         12       0.83      0.77      0.80        26
         13       0.96      0.92      0.94        25
         14       0.94      0.74      0.83        23
         15       0.77      0.77      0.77        31
         16       0.94      0.85      0.89        20

avg / total       0.89      0.88      0.88       408

