rank-1: 88.73%
rank-5: 98.77%

             precision    recall  f1-score   support

          0       0.84      0.91      0.87        23
          1       0.83      0.93      0.88        27
          2       0.86      0.86      0.86        21
          3       0.75      0.82      0.78        22
          4       0.94      0.77      0.85        22
          5       0.86      0.90      0.88        21
          6       1.00      0.92      0.96        24
          7       0.85      0.96      0.90        23
          8       1.00      1.00      1.00        23
          9       1.00      0.93      0.96        29
         10       0.90      0.90      0.90        30
         11       0.82      1.00      0.90        18
         12       0.91      0.77      0.83        26
         13       0.96      0.88      0.92        25
         14       0.95      0.87      0.91        23
         15       0.83      0.81      0.82        31
         16       0.82      0.90      0.86        20

avg / total       0.89      0.89      0.89       408

